100.00000  6.56648e-37
101.80361  3.33123e-36
103.60721  1.59791e-35
105.41082  7.26805e-35
107.21443  3.14316e-34
109.01804  1.29563e-33
110.82164  5.10238e-33
112.62525  1.92395e-32
114.42886  6.96039e-32
116.23246  2.42061e-31
118.03607  8.10682e-31
119.83968  2.61908e-30
121.64329  8.17541e-30
123.44689  2.46938e-29
125.25050  7.22763e-29
127.05411  2.05265e-28
128.85772  5.66360e-28
130.66132  1.52001e-27
132.46493  3.97250e-27
134.26854  1.01207e-26
136.07214  2.51607e-26
137.87575  6.10965e-26
139.67936  1.45040e-25
141.48297  3.36904e-25
143.28657  7.66358e-25
145.09018  1.70844e-24
146.89379  3.73536e-24
148.69739  8.01559e-24
150.50100  1.68927e-23
152.30461  3.49864e-23
154.10822  7.12530e-23
155.91182  1.42778e-22
157.71543  2.81652e-22
159.51904  5.47255e-22
161.32265  1.04788e-21
163.12625  1.97827e-21
164.92986  3.68396e-21
166.73347  6.77003e-21
168.53707  1.22828e-20
170.34068  2.20094e-20
172.14429  3.89668e-20
173.94790  6.81896e-20
175.75150  1.17987e-19
177.55511  2.01924e-19
179.35872  3.41921e-19
181.16232  5.73040e-19
182.96593  9.50813e-19
184.76954  1.56237e-18
186.57315  2.54316e-18
188.37675  4.10186e-18
190.18036  6.55719e-18
191.98397  1.03919e-17
193.78758  1.63310e-17
195.59118  2.54550e-17
197.39479  3.93619e-17
199.19840  6.03965e-17
201.00200  9.19755e-17
202.80561  1.39041e-16
204.60922  2.08693e-16
206.41283  3.11063e-16
208.21643  4.60514e-16
210.02004  6.77276e-16
211.82365  9.89670e-16
213.62725  1.43710e-15
215.43086  2.07408e-15
217.23447  2.97556e-15
219.03808  4.24406e-15
220.84168  6.01903e-15
222.64529  8.48911e-15
224.44890  1.19082e-14
226.25251  1.66163e-14
228.05611  2.30665e-14
229.85972  3.18596e-14
231.66333  4.37885e-14
233.46693  5.98949e-14
235.27054  8.15416e-14
237.07415  1.10503e-13
238.87776  1.49079e-13
240.68136  2.00241e-13
242.48497  2.67810e-13
244.28858  3.56677e-13
246.09218  4.73087e-13
247.89579  6.24972e-13
249.69940  8.22381e-13
251.50301  1.07799e-12
253.30661  1.40773e-12
255.11022  1.83157e-12
256.91383  2.37444e-12
258.71743  3.06734e-12
260.52104  3.94875e-12
262.32465  5.06622e-12
264.12826  6.47838e-12
265.93186  8.25722e-12
267.73547  1.04910e-11
269.53908  1.32874e-11
271.34269  1.67778e-11
273.14629  2.11214e-11
274.94990  2.65114e-11
276.75351  3.31808e-11
278.55711  4.14105e-11
280.36072  5.15380e-11
282.16433  6.39676e-11
283.96794  7.91830e-11
285.77154  9.77605e-11
287.57515  1.20386e-10
289.37876  1.47874e-10
291.18236  1.81188e-10
292.98597  2.21467e-10
294.78958  2.70054e-10
296.59319  3.28527e-10
298.39679  3.98741e-10
300.20040  4.82866e-10
302.00401  5.83440e-10
303.80762  7.03424e-10
305.61122  8.46263e-10
307.41483  1.01596e-09
309.21844  1.21716e-09
311.02204  1.45524e-09
312.82565  1.73641e-09
314.62926  2.06783e-09
316.43287  2.45774e-09
318.23647  2.91563e-09
320.04008  3.45235e-09
321.84369  4.08037e-09
323.64729  4.81391e-09
325.45090  5.66922e-09
327.25451  6.66483e-09
329.05812  7.82181e-09
330.86172  9.16410e-09
332.66533  1.07189e-08
334.46894  1.25169e-08
336.27255  1.45929e-08
338.07615  1.69862e-08
339.87976  1.97412e-08
341.68337  2.29078e-08
343.48697  2.65420e-08
345.29058  3.07070e-08
347.09419  3.54734e-08
348.89780  4.09205e-08
350.70140  4.71369e-08
352.50501  5.42216e-08
354.30862  6.22850e-08
356.11222  7.14503e-08
357.91583  8.18546e-08
359.71944  9.36502e-08
361.52305  1.07006e-07
363.32665  1.22111e-07
365.13026  1.39172e-07
366.93387  1.58419e-07
368.73747  1.80107e-07
370.54108  2.04517e-07
372.34469  2.31960e-07
374.14830  2.62775e-07
375.95190  2.97341e-07
377.75551  3.36069e-07
379.55912  3.79415e-07
381.36273  4.27877e-07
383.16633  4.82002e-07
384.96994  5.42388e-07
386.77355  6.09691e-07
388.57715  6.84627e-07
390.38076  7.67978e-07
392.18437  8.60599e-07
393.98798  9.63420e-07
395.79158  1.07746e-06
397.59519  1.20381e-06
399.39880  1.34368e-06
401.20240  1.49838e-06
403.00601  1.66931e-06
404.80962  1.85802e-06
406.61323  2.06617e-06
408.41683  2.29556e-06
410.22044  2.54814e-06
412.02405  2.82602e-06
413.82766  3.13149e-06
415.63126  3.46699e-06
417.43487  3.83519e-06
419.23848  4.23894e-06
421.04208  4.68133e-06
422.84569  5.16568e-06
424.64930  5.69556e-06
426.45291  6.27479e-06
428.25651  6.90751e-06
430.06012  7.59813e-06
431.86373  8.35140e-06
433.66733  9.17241e-06
435.47094  1.00666e-05
437.27455  1.10398e-05
439.07816  1.20983e-05
440.88176  1.32488e-05
442.68537  1.44983e-05
444.48898  1.58545e-05
446.29259  1.73255e-05
448.09619  1.89200e-05
449.89980  2.06473e-05
451.70341  2.25171e-05
453.50701  2.45401e-05
455.31062  2.67272e-05
457.11423  2.90905e-05
458.91784  3.16426e-05
460.72144  3.43967e-05
462.52505  3.73673e-05
464.32866  4.05693e-05
466.13226  4.40188e-05
467.93587  4.77328e-05
469.73948  5.17293e-05
471.54309  5.60274e-05
473.34669  6.06472e-05
475.15030  6.56101e-05
476.95391  7.09387e-05
478.75752  7.66568e-05
480.56112  8.27896e-05
482.36473  8.93638e-05
484.16834  9.64074e-05
485.97194  1.03950e-04
487.77555  1.12023e-04
489.57916  1.20660e-04
491.38277  1.29894e-04
493.18637  1.39763e-04
494.98998  1.50305e-04
496.79359  1.61561e-04
498.59719  1.73572e-04
500.40080  1.86384e-04
502.20441  2.00045e-04
504.00802  2.14602e-04
505.81162  2.30109e-04
507.61523  2.46619e-04
509.41884  2.64190e-04
511.22244  2.82881e-04
513.02605  3.02756e-04
514.82966  3.23880e-04
516.63327  3.46322e-04
518.43687  3.70154e-04
520.24048  3.95451e-04
522.04409  4.22294e-04
523.84770  4.50763e-04
525.65130  4.80947e-04
527.45491  5.12934e-04
529.25852  5.46820e-04
531.06212  5.82703e-04
532.86573  6.20685e-04
534.66934  6.60875e-04
536.47295  7.03384e-04
538.27655  7.48329e-04
540.08016  7.95832e-04
541.88377  8.46021e-04
543.68737  8.99026e-04
545.49098  9.54986e-04
547.29459  1.01405e-03
549.09820  1.07635e-03
550.90180  1.14206e-03
552.70541  1.21134e-03
554.50902  1.28435e-03
556.31263  1.36127e-03
558.11623  1.44227e-03
559.91984  1.52756e-03
561.72345  1.61732e-03
563.52705  1.71177e-03
565.33066  1.81110e-03
567.13427  1.91554e-03
568.93788  2.02532e-03
570.74148  2.14068e-03
572.54509  2.26185e-03
574.34870  2.38910e-03
576.15230  2.52268e-03
577.95591  2.66288e-03
579.75952  2.80997e-03
581.56313  2.96424e-03
583.36673  3.12600e-03
585.17034  3.29556e-03
586.97395  3.47325e-03
588.77756  3.65940e-03
590.58116  3.85436e-03
592.38477  4.05849e-03
594.18838  4.27215e-03
595.99198  4.49575e-03
597.79559  4.72966e-03
599.59920  4.97430e-03
601.40281  5.23010e-03
603.20641  5.49748e-03
605.01002  5.77691e-03
606.81363  6.06884e-03
608.61723  6.37376e-03
610.42084  6.69216e-03
612.22445  7.02456e-03
614.02806  7.37147e-03
615.83166  7.73345e-03
617.63527  8.11105e-03
619.43888  8.50486e-03
621.24248  8.91545e-03
623.04609  9.34345e-03
624.84970  9.78950e-03
626.65331  1.02542e-02
628.45691  1.07383e-02
630.26052  1.12424e-02
632.06413  1.17673e-02
633.86774  1.23137e-02
635.67134  1.28822e-02
637.47495  1.34738e-02
639.27856  1.40892e-02
641.08216  1.47292e-02
642.88577  1.53946e-02
644.68938  1.60863e-02
646.49299  1.68052e-02
648.29659  1.75522e-02
650.10020  1.83282e-02
651.90381  1.91342e-02
653.70741  1.99712e-02
655.51102  2.08401e-02
657.31463  2.17421e-02
659.11824  2.26781e-02
660.92184  2.36493e-02
662.72545  2.46567e-02
664.52906  2.57016e-02
666.33267  2.67851e-02
668.13627  2.79083e-02
669.93988  2.90726e-02
671.74349  3.02793e-02
673.54709  3.15295e-02
675.35070  3.28246e-02
677.15431  3.41661e-02
678.95792  3.55552e-02
680.76152  3.69934e-02
682.56513  3.84822e-02
684.36874  4.00231e-02
686.17234  4.16176e-02
687.97595  4.32673e-02
689.77956  4.49737e-02
691.58317  4.67386e-02
693.38677  4.85635e-02
695.19038  5.04503e-02
696.99399  5.24007e-02
698.79760  5.44164e-02
700.60120  5.64993e-02
702.40481  5.86513e-02
704.20842  6.08743e-02
706.01202  6.31702e-02
707.81563  6.55412e-02
709.61924  6.79891e-02
711.42285  7.05161e-02
713.22645  7.31244e-02
715.03006  7.58160e-02
716.83367  7.85933e-02
718.63727  8.14586e-02
720.44088  8.44140e-02
722.24449  8.74621e-02
724.04810  9.06051e-02
725.85170  9.38457e-02
727.65531  9.71862e-02
729.45892  1.00629e-01
731.26253  1.04178e-01
733.06613  1.07834e-01
734.86974  1.11601e-01
736.67335  1.15481e-01
738.47695  1.19477e-01
740.28056  1.23592e-01
742.08417  1.27830e-01
743.88778  1.32192e-01
745.69138  1.36682e-01
747.49499  1.41304e-01
749.29860  1.46060e-01
751.10220  1.50953e-01
752.90581  1.55988e-01
754.70942  1.61166e-01
756.51303  1.66492e-01
758.31663  1.71970e-01
760.12024  1.77602e-01
761.92385  1.83392e-01
763.72745  1.89344e-01
765.53106  1.95462e-01
767.33467  2.01749e-01
769.13828  2.08209e-01
770.94188  2.14847e-01
772.74549  2.21665e-01
774.54910  2.28670e-01
776.35271  2.35863e-01
778.15631  2.43250e-01
779.95992  2.50835e-01
781.76353  2.58622e-01
783.56713  2.66616e-01
785.37074  2.74821e-01
787.17435  2.83242e-01
788.97796  2.91883e-01
790.78156  3.00750e-01
792.58517  3.09846e-01
794.38878  3.19177e-01
796.19238  3.28748e-01
797.99599  3.38563e-01
799.79960  3.48628e-01
801.60321  3.58948e-01
803.40681  3.69529e-01
805.21042  3.80375e-01
807.01403  3.91493e-01
808.81764  4.02887e-01
810.62124  4.14563e-01
812.42485  4.26527e-01
814.22846  4.38785e-01
816.03206  4.51342e-01
817.83567  4.64205e-01
819.63928  4.77379e-01
821.44289  4.90871e-01
823.24649  5.04687e-01
825.05010  5.18833e-01
826.85371  5.33316e-01
828.65731  5.48141e-01
830.46092  5.63317e-01
832.26453  5.78848e-01
834.06814  5.94743e-01
835.87174  6.11007e-01
837.67535  6.27649e-01
839.47896  6.44674e-01
841.28257  6.62091e-01
843.08617  6.79905e-01
844.88978  6.98126e-01
846.69339  7.16759e-01
848.49699  7.35813e-01
850.30060  7.55296e-01
852.10421  7.75215e-01
853.90782  7.95577e-01
855.71142  8.16392e-01
857.51503  8.37666e-01
859.31864  8.59408e-01
861.12224  8.81627e-01
862.92585  9.04331e-01
864.72946  9.27528e-01
866.53307  9.51226e-01
868.33667  9.75436e-01
870.14028  1.00016e+00
871.94389  1.02542e+00
873.74749  1.05121e+00
875.55110  1.07756e+00
877.35471  1.10445e+00
879.15832  1.13191e+00
880.96192  1.15995e+00
882.76553  1.18857e+00
884.56914  1.21778e+00
886.37275  1.24760e+00
888.17635  1.27803e+00
889.97996  1.30908e+00
891.78357  1.34077e+00
893.58717  1.37311e+00
895.39078  1.40609e+00
897.19439  1.43974e+00
898.99800  1.47407e+00
900.80160  1.50909e+00
902.60521  1.54480e+00
904.40882  1.58122e+00
906.21242  1.61836e+00
908.01603  1.65623e+00
909.81964  1.69484e+00
911.62325  1.73421e+00
913.42685  1.77434e+00
915.23046  1.81525e+00
917.03407  1.85695e+00
918.83768  1.89945e+00
920.64128  1.94276e+00
922.44489  1.98690e+00
924.24850  2.03187e+00
926.05210  2.07770e+00
927.85571  2.12439e+00
929.65932  2.17196e+00
931.46293  2.22041e+00
933.26653  2.26977e+00
935.07014  2.32004e+00
936.87375  2.37124e+00
938.67735  2.42338e+00
940.48096  2.47648e+00
942.28457  2.53055e+00
944.08818  2.58560e+00
945.89178  2.64165e+00
947.69539  2.69871e+00
949.49900  2.75680e+00
951.30261  2.81592e+00
953.10621  2.87610e+00
954.90982  2.93735e+00
956.71343  2.99969e+00
958.51703  3.06312e+00
960.32064  3.12767e+00
962.12425  3.19335e+00
963.92786  3.26018e+00
965.73146  3.32816e+00
967.53507  3.39732e+00
969.33868  3.46768e+00
971.14228  3.53924e+00
972.94589  3.61203e+00
974.74950  3.68606e+00
976.55311  3.76134e+00
978.35671  3.83790e+00
980.16032  3.91575e+00
981.96393  3.99491e+00
983.76754  4.07539e+00
985.57114  4.15722e+00
987.37475  4.24040e+00
989.17836  4.32497e+00
990.98196  4.41092e+00
992.78557  4.49829e+00
994.58918  4.58709e+00
996.39279  4.67733e+00
998.19639  4.76905e+00
1000.00000  4.86224e+00
