200.00000  48.71327
201.00200  48.94068
202.00401  49.16896
203.00601  49.39811
204.00802  49.62810
205.01002  49.85894
206.01202  50.09062
207.01403  50.32311
208.01603  50.55643
209.01804  50.79055
210.02004  51.02546
211.02204  51.26116
212.02405  51.49764
213.02605  51.73489
214.02806  51.97290
215.03006  52.21166
216.03206  52.45116
217.03407  52.69140
218.03607  52.93236
219.03808  53.17403
220.04008  53.41641
221.04208  53.65948
222.04409  53.90325
223.04609  54.14769
224.04810  54.39280
225.05010  54.63857
226.05210  54.88500
227.05411  55.13207
228.05611  55.37978
229.05812  55.62811
230.06012  55.87706
231.06212  56.12662
232.06413  56.37678
233.06613  56.62753
234.06814  56.87887
235.07014  57.13079
236.07214  57.38327
237.07415  57.63631
238.07615  57.88990
239.07816  58.14403
240.08016  58.39869
241.08216  58.65388
242.08417  58.90959
243.08617  59.16581
244.08818  59.42253
245.09018  59.67974
246.09218  59.93744
247.09419  60.19561
248.09619  60.45425
249.09820  60.71336
250.10020  60.97291
251.10220  61.23291
252.10421  61.49335
253.10621  61.75421
254.10822  62.01550
255.11022  62.27720
256.11222  62.53931
257.11423  62.80181
258.11623  63.06471
259.11824  63.32798
260.12024  63.59163
261.12224  63.85565
262.12425  64.12003
263.12625  64.38476
264.12826  64.64984
265.13026  64.91525
266.13226  65.18099
267.13427  65.44706
268.13627  65.71343
269.13828  65.98012
270.14028  66.24711
271.14228  66.51439
272.14429  66.78195
273.14629  67.04980
274.14830  67.31791
275.15030  67.58629
276.15230  67.85493
277.15431  68.12382
278.15631  68.39295
279.15832  68.66231
280.16032  68.93191
281.16232  69.20172
282.16433  69.47175
283.16633  69.74199
284.16834  70.01243
285.17034  70.28307
286.17234  70.55389
287.17435  70.82489
288.17635  71.09607
289.17836  71.36741
290.18036  71.63892
291.18236  71.91058
292.18437  72.18238
293.18637  72.45433
294.18838  72.72641
295.19038  72.99862
296.19238  73.27095
297.19439  73.54340
298.19639  73.81595
299.19840  74.08861
300.20040  74.36136
301.20240  74.63420
302.20441  74.90713
303.20641  75.18013
304.20842  75.45320
305.21042  75.72634
306.21242  75.99953
307.21443  76.27278
308.21643  76.54607
309.21844  76.81941
310.22044  77.09277
311.22244  77.36617
312.22445  77.63959
313.22645  77.91302
314.22846  78.18646
315.23046  78.45991
316.23246  78.73336
317.23447  79.00680
318.23647  79.28022
319.23848  79.55363
320.24048  79.82702
321.24248  80.10037
322.24449  80.37369
323.24649  80.64696
324.24850  80.92019
325.25050  81.19337
326.25251  81.46649
327.25451  81.73954
328.25651  82.01253
329.25852  82.28544
330.26052  82.55828
331.26253  82.83102
332.26453  83.10368
333.26653  83.37624
334.26854  83.64870
335.27054  83.92106
336.27255  84.19330
337.27455  84.46543
338.27655  84.73744
339.27856  85.00931
340.28056  85.28106
341.28257  85.55267
342.28457  85.82414
343.28657  86.09546
344.28858  86.36663
345.29058  86.63765
346.29259  86.90850
347.29459  87.17919
348.29659  87.44970
349.29860  87.72004
350.30060  87.99020
351.30261  88.26018
352.30461  88.52996
353.30661  88.79955
354.30862  89.06894
355.31062  89.33813
356.31263  89.60711
357.31463  89.87588
358.31663  90.14443
359.31864  90.41275
360.32064  90.68086
361.32265  90.94873
362.32465  91.21636
363.32665  91.48376
364.32866  91.75092
365.33066  92.01782
366.33267  92.28448
367.33467  92.55088
368.33667  92.81702
369.33868  93.08289
370.34068  93.34850
371.34269  93.61383
372.34469  93.87889
373.34669  94.14367
374.34870  94.40816
375.35070  94.67236
376.35271  94.93628
377.35471  95.19989
378.35671  95.46321
379.35872  95.72622
380.36072  95.98893
381.36273  96.25132
382.36473  96.51340
383.36673  96.77516
384.36874  97.03660
385.37074  97.29772
386.37275  97.55850
387.37475  97.81895
388.37675  98.07907
389.37876  98.33884
390.38076  98.59827
391.38277  98.85736
392.38477  99.11609
393.38677  99.37448
394.38878  99.63250
395.39078  99.89017
396.39279  100.14747
397.39479  100.40440
398.39679  100.66097
399.39880  100.91716
400.40080  101.17298
401.40281  101.42842
402.40481  101.68347
403.40681  101.93815
404.40882  102.19243
405.41082  102.44632
406.41283  102.69982
407.41483  102.95292
408.41683  103.20562
409.41884  103.45792
410.42084  103.70982
411.42285  103.96130
412.42485  104.21238
413.42685  104.46304
414.42886  104.71329
415.43086  104.96311
416.43287  105.21252
417.43487  105.46150
418.43687  105.71006
419.43888  105.95818
420.44088  106.20588
421.44289  106.45314
422.44489  106.69996
423.44689  106.94635
424.44890  107.19230
425.45090  107.43780
426.45291  107.68285
427.45491  107.92746
428.45691  108.17162
429.45892  108.41533
430.46092  108.65858
431.46293  108.90138
432.46493  109.14371
433.46693  109.38559
434.46894  109.62700
435.47094  109.86795
436.47295  110.10844
437.47495  110.34845
438.47695  110.58799
439.47896  110.82707
440.48096  111.06566
441.48297  111.30379
442.48497  111.54143
443.48697  111.77860
444.48898  112.01528
445.49098  112.25148
446.49299  112.48720
447.49499  112.72243
448.49699  112.95717
449.49900  113.19143
450.50100  113.42519
451.50301  113.65846
452.50501  113.89124
453.50701  114.12353
454.50902  114.35531
455.51102  114.58660
456.51303  114.81740
457.51503  115.04769
458.51703  115.27748
459.51904  115.50676
460.52104  115.73555
461.52305  115.96383
462.52505  116.19160
463.52705  116.41886
464.52906  116.64562
465.53106  116.87187
466.53307  117.09761
467.53507  117.32284
468.53707  117.54755
469.53908  117.77175
470.54108  117.99544
471.54309  118.21862
472.54509  118.44128
473.54709  118.66342
474.54910  118.88504
475.55110  119.10615
476.55311  119.32674
477.55511  119.54681
478.55711  119.76637
479.55912  119.98540
480.56112  120.20391
481.56313  120.42190
482.56513  120.63937
483.56713  120.85631
484.56914  121.07274
485.57114  121.28864
486.57315  121.50402
487.57515  121.71888
488.57715  121.93321
489.57916  122.14702
490.58116  122.36030
491.58317  122.57306
492.58517  122.78530
493.58717  122.99701
494.58918  123.20819
495.59118  123.41886
496.59319  123.62899
497.59519  123.83861
498.59719  124.04769
499.59920  124.25626
500.60120  124.46430
501.60321  124.67181
502.60521  124.87880
503.60721  125.08527
504.60922  125.29121
505.61122  125.49663
506.61323  125.70153
507.61523  125.90591
508.61723  126.10976
509.61924  126.31309
510.62124  126.51590
511.62325  126.71819
512.62525  126.91995
513.62725  127.12120
514.62926  127.32193
515.63126  127.52214
516.63327  127.72183
517.63527  127.92101
518.63727  128.11966
519.63928  128.31781
520.64128  128.51543
521.64329  128.71254
522.64529  128.90914
523.64729  129.10523
524.64930  129.30080
525.65130  129.49586
526.65331  129.69042
527.65531  129.88446
528.65731  130.07799
529.65932  130.27102
530.66132  130.46354
531.66333  130.65556
532.66533  130.84708
533.66733  131.03809
534.66934  131.22860
535.67134  131.41861
536.67335  131.60812
537.67535  131.79713
538.67735  131.98565
539.67936  132.17368
540.68136  132.36121
541.68337  132.54824
542.68537  132.73479
543.68737  132.92085
544.68938  133.10642
545.69138  133.29151
546.69339  133.47611
547.69539  133.66023
548.69739  133.84387
549.69940  134.02703
550.70140  134.20971
551.70341  134.39192
552.70541  134.57365
553.70741  134.75491
554.70942  134.93570
555.71142  135.11602
556.71343  135.29588
557.71543  135.47527
558.71743  135.65420
559.71944  135.83267
560.72144  136.01068
561.72345  136.18823
562.72545  136.36533
563.72745  136.54198
564.72946  136.71818
565.73146  136.89393
566.73347  137.06923
567.73547  137.24410
568.73747  137.41852
569.73948  137.59250
570.74148  137.76605
571.74349  137.93916
572.74549  138.11184
573.74749  138.28410
574.74950  138.45592
575.75150  138.62733
576.75351  138.79831
577.75551  138.96887
578.75752  139.13902
579.75952  139.30876
580.76152  139.47808
581.76353  139.64700
582.76553  139.81551
583.76754  139.98362
584.76954  140.15133
585.77154  140.31864
586.77355  140.48556
587.77555  140.65209
588.77756  140.81823
589.77956  140.98399
590.78156  141.14937
591.78357  141.31436
592.78557  141.47898
593.78758  141.64323
594.78958  141.80711
595.79158  141.97062
596.79359  142.13377
597.79559  142.29657
598.79760  142.45900
599.79960  142.62108
600.80160  142.78281
601.80361  142.94420
602.80561  143.10524
603.80762  143.26594
604.80962  143.42631
605.81162  143.58634
606.81363  143.74605
607.81563  143.90543
608.81764  144.06449
609.81964  144.22323
610.82164  144.38165
611.82365  144.53977
612.82565  144.69758
613.82766  144.85508
614.82966  145.01229
615.83166  145.16920
616.83367  145.32581
617.83567  145.48214
618.83768  145.63819
619.83968  145.79395
620.84168  145.94944
621.84369  146.10466
622.84569  146.25961
623.84770  146.41430
624.84970  146.56873
625.85170  146.72290
626.85371  146.87682
627.85571  147.03049
628.85772  147.18392
629.85972  147.33711
630.86172  147.49007
631.86373  147.64279
632.86573  147.79529
633.86774  147.94757
634.86974  148.09964
635.87174  148.25149
636.87375  148.40313
637.87575  148.55457
638.87776  148.70581
639.87976  148.85686
640.88176  149.00772
641.88377  149.15839
642.88577  149.30889
643.88778  149.45920
644.88978  149.60935
645.89178  149.75933
646.89379  149.90916
647.89579  150.05882
648.89780  150.20834
649.89980  150.35770
650.90180  150.50693
651.90381  150.65602
652.90581  150.80498
653.90782  150.95381
654.90982  151.10253
655.91182  151.25112
656.91383  151.39961
657.91583  151.54799
658.91784  151.69627
659.91984  151.84445
660.92184  151.99255
661.92385  152.14056
662.92585  152.28849
663.92786  152.43635
664.92986  152.58413
665.93186  152.73186
666.93387  152.87953
667.93587  153.02715
668.93788  153.17472
669.93988  153.32225
670.94188  153.46974
671.94389  153.61721
672.94589  153.76465
673.94790  153.91207
674.94990  154.05948
675.95190  154.20688
676.95391  154.35429
677.95591  154.50170
678.95792  154.64911
679.95992  154.79655
680.96192  154.94401
681.96393  155.09150
682.96593  155.23902
683.96794  155.38658
684.96994  155.53419
685.97194  155.68185
686.97395  155.82957
687.97595  155.97736
688.97796  156.12521
689.97996  156.27315
690.98196  156.42117
691.98397  156.56927
692.98597  156.71748
693.98798  156.86579
694.98998  157.01420
695.99198  157.16274
696.99399  157.31139
697.99599  157.46017
698.99800  157.60909
700.00000  157.75815
