200.00000  -509842697.25464
201.00200  -509842648.32989
202.00401  -509842599.17684
203.00601  -509842549.79461
204.00802  -509842500.18236
205.01002  -509842450.33922
206.01202  -509842400.26436
207.01403  -509842349.95695
208.01603  -509842299.41616
209.01804  -509842248.64119
210.02004  -509842197.63123
211.02204  -509842146.38550
212.02405  -509842094.90319
213.02605  -509842043.18355
214.02806  -509841991.22579
215.03006  -509841939.02918
216.03206  -509841886.59296
217.03407  -509841833.91638
218.03607  -509841780.99873
219.03808  -509841727.83927
220.04008  -509841674.43731
221.04208  -509841620.79213
222.04409  -509841566.90305
223.04609  -509841512.76937
224.04810  -509841458.39043
225.05010  -509841403.76554
226.05210  -509841348.89407
227.05411  -509841293.77535
228.05611  -509841238.40875
229.05812  -509841182.79363
230.06012  -509841126.92937
231.06212  -509841070.81535
232.06413  -509841014.45097
233.06613  -509840957.83563
234.06814  -509840900.96874
235.07014  -509840843.84972
236.07214  -509840786.47800
237.07415  -509840728.85301
238.07615  -509840670.97420
239.07816  -509840612.84101
240.08016  -509840554.45292
241.08216  -509840495.80939
242.08417  -509840436.90989
243.08617  -509840377.75392
244.08818  -509840318.34097
245.09018  -509840258.67053
246.09218  -509840198.74212
247.09419  -509840138.55526
248.09619  -509840078.10948
249.09820  -509840017.40430
250.10020  -509839956.43928
251.10220  -509839895.21395
252.10421  -509839833.72789
253.10621  -509839771.98065
254.10822  -509839709.97181
255.11022  -509839647.70095
256.11222  -509839585.16766
257.11423  -509839522.37155
258.11623  -509839459.31220
259.11824  -509839395.98924
260.12024  -509839332.40229
261.12224  -509839268.55098
262.12425  -509839204.43493
263.12625  -509839140.05380
264.12826  -509839075.40724
265.13026  -509839010.49490
266.13226  -509838945.31645
267.13427  -509838879.87156
268.13627  -509838814.15992
269.13828  -509838748.18121
270.14028  -509838681.93513
271.14228  -509838615.42138
272.14429  -509838548.63966
273.14629  -509838481.58971
274.14830  -509838414.27124
275.15030  -509838346.68398
276.15230  -509838278.82768
277.15431  -509838210.70207
278.15631  -509838142.30692
279.15832  -509838073.64198
280.16032  -509838004.70702
281.16232  -509837935.50181
282.16433  -509837866.02614
283.16633  -509837796.27979
284.16834  -509837726.26256
285.17034  -509837655.97425
286.17234  -509837585.41467
287.17435  -509837514.58363
288.17635  -509837443.48096
289.17836  -509837372.10648
290.18036  -509837300.46004
291.18236  -509837228.54147
292.18437  -509837156.35061
293.18637  -509837083.88734
294.18838  -509837011.15151
295.19038  -509836938.14299
296.19238  -509836864.86164
297.19439  -509836791.30737
298.19639  -509836717.48005
299.19840  -509836643.37957
300.20040  -509836569.00585
301.20240  -509836494.35878
302.20441  -509836419.43828
303.20641  -509836344.24427
304.20842  -509836268.77668
305.21042  -509836193.03543
306.21242  -509836117.02047
307.21443  -509836040.73174
308.21643  -509835964.16920
309.21844  -509835887.33279
310.22044  -509835810.22248
311.22244  -509835732.83824
312.22445  -509835655.18005
313.22645  -509835577.24789
314.22846  -509835499.04173
315.23046  -509835420.56159
316.23246  -509835341.80744
317.23447  -509835262.77931
318.23647  -509835183.47719
319.23848  -509835103.90111
320.24048  -509835024.05108
321.24248  -509834943.92713
322.24449  -509834863.52931
323.24649  -509834782.85764
324.24850  -509834701.91216
325.25050  -509834620.69294
326.25251  -509834539.20002
327.25451  -509834457.43346
328.25651  -509834375.39334
329.25852  -509834293.07972
330.26052  -509834210.49267
331.26253  -509834127.63230
332.26453  -509834044.49867
333.26653  -509833961.09188
334.26854  -509833877.41204
335.27054  -509833793.45925
336.27255  -509833709.23360
337.27455  -509833624.73523
338.27655  -509833539.96425
339.27856  -509833454.92077
340.28056  -509833369.60494
341.28257  -509833284.01689
342.28457  -509833198.15675
343.28657  -509833112.02467
344.28858  -509833025.62080
345.29058  -509832938.94530
346.29259  -509832851.99831
347.29459  -509832764.78002
348.29659  -509832677.29058
349.29860  -509832589.53017
350.30060  -509832501.49897
351.30261  -509832413.19716
352.30461  -509832324.62493
353.30661  -509832235.78247
354.30862  -509832146.66998
355.31062  -509832057.28766
356.31263  -509831967.63572
357.31463  -509831877.71437
358.31663  -509831787.52381
359.31864  -509831697.06429
360.32064  -509831606.33601
361.32265  -509831515.33920
362.32465  -509831424.07411
363.32665  -509831332.54096
364.32866  -509831240.73999
365.33066  -509831148.67147
366.33267  -509831056.33562
367.33467  -509830963.73272
368.33667  -509830870.86301
369.33868  -509830777.72676
370.34068  -509830684.32424
371.34269  -509830590.65572
372.34469  -509830496.72146
373.34669  -509830402.52176
374.34870  -509830308.05690
375.35070  -509830213.32715
376.35271  -509830118.33282
377.35471  -509830023.07419
378.35671  -509829927.55157
379.35872  -509829831.76525
380.36072  -509829735.71555
381.36273  -509829639.40277
382.36473  -509829542.82723
383.36673  -509829445.98925
384.36874  -509829348.88913
385.37074  -509829251.52722
386.37275  -509829153.90384
387.37475  -509829056.01932
388.37675  -509828957.87399
389.37876  -509828859.46819
390.38076  -509828760.80228
391.38277  -509828661.87658
392.38477  -509828562.69145
393.38677  -509828463.24725
394.38878  -509828363.54432
395.39078  -509828263.58304
396.39279  -509828163.36375
397.39479  -509828062.88683
398.39679  -509827962.15265
399.39880  -509827861.16157
400.40080  -509827759.91397
401.40281  -509827658.41023
402.40481  -509827556.65073
403.40681  -509827454.63586
404.40882  -509827352.36600
405.41082  -509827249.84155
406.41283  -509827147.06289
407.41483  -509827044.03042
408.41683  -509826940.74454
409.41884  -509826837.20566
410.42084  -509826733.41417
411.42285  -509826629.37049
412.42485  -509826525.07502
413.42685  -509826420.52818
414.42886  -509826315.73039
415.43086  -509826210.68206
416.43287  -509826105.38361
417.43487  -509825999.83547
418.43687  -509825894.03806
419.43888  -509825787.99181
420.44088  -509825681.69715
421.44289  -509825575.15452
422.44489  -509825468.36435
423.44689  -509825361.32709
424.44890  -509825254.04316
425.45090  -509825146.51301
426.45291  -509825038.73710
427.45491  -509824930.71586
428.45691  -509824822.44974
429.45892  -509824713.93921
430.46092  -509824605.18471
431.46293  -509824496.18669
432.46493  -509824386.94563
433.46693  -509824277.46197
434.46894  -509824167.73618
435.47094  -509824057.76873
436.47295  -509823947.56008
437.47495  -509823837.11070
438.47695  -509823726.42106
439.47896  -509823615.49163
440.48096  -509823504.32288
441.48297  -509823392.91530
442.48497  -509823281.26936
443.48697  -509823169.38554
444.48898  -509823057.26432
445.49098  -509822944.90619
446.49299  -509822832.31162
447.49499  -509822719.48110
448.49699  -509822606.41513
449.49900  -509822493.11419
450.50100  -509822379.57877
451.50301  -509822265.80936
452.50501  -509822151.80646
453.50701  -509822037.57056
454.50902  -509821923.10216
455.51102  -509821808.40176
456.51303  -509821693.46986
457.51503  -509821578.30695
458.51703  -509821462.91354
459.51904  -509821347.29013
460.52104  -509821231.43723
461.52305  -509821115.35533
462.52505  -509820999.04496
463.52705  -509820882.50661
464.52906  -509820765.74079
465.53106  -509820648.74801
466.53307  -509820531.52879
467.53507  -509820414.08364
468.53707  -509820296.41306
469.53908  -509820178.51757
470.54108  -509820060.39769
471.54309  -509819942.05393
472.54509  -509819823.48681
473.54709  -509819704.69684
474.54910  -509819585.68454
475.55110  -509819466.45043
476.55311  -509819346.99503
477.55511  -509819227.31886
478.55711  -509819107.42243
479.55912  -509818987.30627
480.56112  -509818866.97091
481.56313  -509818746.41685
482.56513  -509818625.64463
483.56713  -509818504.65477
484.56914  -509818383.44778
485.57114  -509818262.02420
486.57315  -509818140.38455
487.57515  -509818018.52935
488.57715  -509817896.45912
489.57916  -509817774.17439
490.58116  -509817651.67570
491.58317  -509817528.96355
492.58517  -509817406.03848
493.58717  -509817282.90101
494.58918  -509817159.55166
495.59118  -509817035.99097
496.59319  -509816912.21946
497.59519  -509816788.23766
498.59719  -509816664.04608
499.59920  -509816539.64526
500.60120  -509816415.03572
501.60321  -509816290.21799
502.60521  -509816165.19259
503.60721  -509816039.96004
504.60922  -509815914.52088
505.61122  -509815788.87562
506.61323  -509815663.02479
507.61523  -509815536.96892
508.61723  -509815410.70852
509.61924  -509815284.24412
510.62124  -509815157.57625
511.62325  -509815030.70542
512.62525  -509814903.63216
513.62725  -509814776.35699
514.62926  -509814648.88043
515.63126  -509814521.20299
516.63327  -509814393.32521
517.63527  -509814265.24759
518.63727  -509814136.97065
519.63928  -509814008.49492
520.64128  -509813879.82091
521.64329  -509813750.94914
522.64529  -509813621.88012
523.64729  -509813492.61436
524.64930  -509813363.15238
525.65130  -509813233.49469
526.65331  -509813103.64180
527.65531  -509812973.59423
528.65731  -509812843.35247
529.65932  -509812712.91705
530.66132  -509812582.28847
531.66333  -509812451.46723
532.66533  -509812320.45385
533.66733  -509812189.24881
534.66934  -509812057.85264
535.67134  -509811926.26582
536.67335  -509811794.48886
537.67535  -509811662.52226
538.67735  -509811530.36651
539.67936  -509811398.02212
540.68136  -509811265.48957
541.68337  -509811132.76936
542.68537  -509810999.86199
543.68737  -509810866.76794
544.68938  -509810733.48770
545.69138  -509810600.02176
546.69339  -509810466.37061
547.69539  -509810332.53472
548.69739  -509810198.51459
549.69940  -509810064.31069
550.70140  -509809929.92351
551.70341  -509809795.35351
552.70541  -509809660.60119
553.70741  -509809525.66700
554.70942  -509809390.55142
555.71142  -509809255.25492
556.71343  -509809119.77798
557.71543  -509808984.12105
558.71743  -509808848.28461
559.71944  -509808712.26910
560.72144  -509808576.07500
561.72345  -509808439.70276
562.72545  -509808303.15284
563.72745  -509808166.42570
564.72946  -509808029.52177
565.73146  -509807892.44152
566.73347  -509807755.18539
567.73547  -509807617.75383
568.73747  -509807480.14727
569.73948  -509807342.36616
570.74148  -509807204.41094
571.74349  -509807066.28204
572.74549  -509806927.97990
573.74749  -509806789.50495
574.74950  -509806650.85761
575.75150  -509806512.03831
576.75351  -509806373.04748
577.75551  -509806233.88553
578.75752  -509806094.55288
579.75952  -509805955.04995
580.76152  -509805815.37715
581.76353  -509805675.53490
582.76553  -509805535.52359
583.76754  -509805395.34363
584.76954  -509805254.99543
585.77154  -509805114.47938
586.77355  -509804973.79588
587.77555  -509804832.94532
588.77756  -509804691.92809
589.77956  -509804550.74458
590.78156  -509804409.39517
591.78357  -509804267.88024
592.78557  -509804126.20018
593.78758  -509803984.35535
594.78958  -509803842.34613
595.79158  -509803700.17289
596.79359  -509803557.83598
597.79559  -509803415.33578
598.79760  -509803272.67264
599.79960  -509803129.84692
600.80160  -509802986.85897
601.80361  -509802843.70914
602.80561  -509802700.39777
603.80762  -509802556.92521
604.80962  -509802413.29179
605.81162  -509802269.49784
606.81363  -509802125.54371
607.81563  -509801981.42972
608.81764  -509801837.15619
609.81964  -509801692.72344
610.82164  -509801548.13179
611.82365  -509801403.38155
612.82565  -509801258.47304
613.82766  -509801113.40655
614.82966  -509800968.18239
615.83166  -509800822.80087
616.83367  -509800677.26226
617.83567  -509800531.56687
618.83768  -509800385.71497
619.83968  -509800239.70686
620.84168  -509800093.54281
621.84369  -509799947.22310
622.84569  -509799800.74799
623.84770  -509799654.11775
624.84970  -509799507.33264
625.85170  -509799360.39293
626.85371  -509799213.29887
627.85571  -509799066.05070
628.85772  -509798918.64867
629.85972  -509798771.09303
630.86172  -509798623.38400
631.86373  -509798475.52183
632.86573  -509798327.50674
633.86774  -509798179.33895
634.86974  -509798031.01869
635.87174  -509797882.54616
636.87375  -509797733.92158
637.87575  -509797585.14516
638.87776  -509797436.21710
639.87976  -509797287.13759
640.88176  -509797137.90682
641.88377  -509796988.52498
642.88577  -509796838.99226
643.88778  -509796689.30884
644.88978  -509796539.47488
645.89178  -509796389.49055
646.89379  -509796239.35602
647.89579  -509796089.07145
648.89780  -509795938.63699
649.89980  -509795788.05279
650.90180  -509795637.31900
651.90381  -509795486.43575
652.90581  -509795335.40317
653.90782  -509795184.22140
654.90982  -509795032.89056
655.91182  -509794881.41077
656.91383  -509794729.78213
657.91583  -509794578.00477
658.91784  -509794426.07879
659.91984  -509794274.00427
660.92184  -509794121.78132
661.92385  -509793969.41002
662.92585  -509793816.89045
663.92786  -509793664.22269
664.92986  -509793511.40681
665.93186  -509793358.44288
666.93387  -509793205.33096
667.93587  -509793052.07110
668.93788  -509792898.66335
669.93988  -509792745.10775
670.94188  -509792591.40435
671.94389  -509792437.55317
672.94589  -509792283.55424
673.94790  -509792129.40759
674.94990  -509791975.11322
675.95190  -509791820.67116
676.95391  -509791666.08139
677.95591  -509791511.34392
678.95792  -509791356.45875
679.95992  -509791201.42585
680.96192  -509791046.24521
681.96393  -509790890.91681
682.96593  -509790735.44060
683.96794  -509790579.81656
684.96994  -509790424.04464
685.97194  -509790268.12478
686.97395  -509790112.05694
687.97595  -509789955.84105
688.97796  -509789799.47705
689.97996  -509789642.96485
690.98196  -509789486.30438
691.98397  -509789329.49555
692.98597  -509789172.53826
693.98798  -509789015.43243
694.98998  -509788858.17793
695.99198  -509788700.77467
696.99399  -509788543.22251
697.99599  -509788385.52134
698.99800  -509788227.67102
700.00000  -509788069.67141
