200.00000  249.42588
201.00200  249.66989
202.00401  249.91383
203.00601  250.15768
204.00802  250.40147
205.01002  250.64519
206.01202  250.88885
207.01403  251.13245
208.01603  251.37601
209.01804  251.61951
210.02004  251.86297
211.02204  252.10640
212.02405  252.34979
213.02605  252.59314
214.02806  252.83648
215.03006  253.07978
216.03206  253.32307
217.03407  253.56634
218.03607  253.80960
219.03808  254.05286
220.04008  254.29610
221.04208  254.53935
222.04409  254.78259
223.04609  255.02584
224.04810  255.26909
225.05010  255.51236
226.05210  255.75563
227.05411  255.99893
228.05611  256.24224
229.05812  256.48557
230.06012  256.72892
231.06212  256.97230
232.06413  257.21571
233.06613  257.45915
234.06814  257.70262
235.07014  257.94613
236.07214  258.18967
237.07415  258.43325
238.07615  258.67688
239.07816  258.92054
240.08016  259.16425
241.08216  259.40801
242.08417  259.65182
243.08617  259.89567
244.08818  260.13958
245.09018  260.38354
246.09218  260.62756
247.09419  260.87164
248.09619  261.11577
249.09820  261.35996
250.10020  261.60421
251.10220  261.84852
252.10421  262.09290
253.10621  262.33734
254.10822  262.58185
255.11022  262.82642
256.11222  263.07107
257.11423  263.31578
258.11623  263.56056
259.11824  263.80541
260.12024  264.05033
261.12224  264.29533
262.12425  264.54040
263.12625  264.78554
264.12826  265.03076
265.13026  265.27606
266.13226  265.52143
267.13427  265.76688
268.13627  266.01241
269.13828  266.25801
270.14028  266.50370
271.14228  266.74946
272.14429  266.99530
273.14629  267.24123
274.14830  267.48723
275.15030  267.73332
276.15230  267.97948
277.15431  268.22573
278.15631  268.47206
279.15832  268.71848
280.16032  268.96497
281.16232  269.21155
282.16433  269.45822
283.16633  269.70496
284.16834  269.95179
285.17034  270.19870
286.17234  270.44570
287.17435  270.69278
288.17635  270.93994
289.17836  271.18719
290.18036  271.43452
291.18236  271.68193
292.18437  271.92943
293.18637  272.17701
294.18838  272.42467
295.19038  272.67242
296.19238  272.92025
297.19439  273.16816
298.19639  273.41616
299.19840  273.66424
300.20040  273.91240
301.20240  274.16064
302.20441  274.40897
303.20641  274.65737
304.20842  274.90586
305.21042  275.15443
306.21242  275.40308
307.21443  275.65181
308.21643  275.90062
309.21844  276.14951
310.22044  276.39848
311.22244  276.64752
312.22445  276.89665
313.22645  277.14585
314.22846  277.39513
315.23046  277.64449
316.23246  277.89392
317.23447  278.14343
318.23647  278.39302
319.23848  278.64268
320.24048  278.89241
321.24248  279.14222
322.24449  279.39210
323.24649  279.64206
324.24850  279.89208
325.25050  280.14218
326.25251  280.39235
327.25451  280.64259
328.25651  280.89290
329.25852  281.14328
330.26052  281.39372
331.26253  281.64424
332.26453  281.89482
333.26653  282.14547
334.26854  282.39618
335.27054  282.64696
336.27255  282.89780
337.27455  283.14870
338.27655  283.39967
339.27856  283.65070
340.28056  283.90180
341.28257  284.15295
342.28457  284.40416
343.28657  284.65543
344.28858  284.90676
345.29058  285.15815
346.29259  285.40959
347.29459  285.66109
348.29659  285.91264
349.29860  286.16425
350.30060  286.41591
351.30261  286.66763
352.30461  286.91939
353.30661  287.17121
354.30862  287.42308
355.31062  287.67499
356.31263  287.92696
357.31463  288.17897
358.31663  288.43103
359.31864  288.68313
360.32064  288.93528
361.32265  289.18748
362.32465  289.43971
363.32665  289.69199
364.32866  289.94431
365.33066  290.19667
366.33267  290.44907
367.33467  290.70151
368.33667  290.95399
369.33868  291.20650
370.34068  291.45905
371.34269  291.71163
372.34469  291.96425
373.34669  292.21690
374.34870  292.46958
375.35070  292.72230
376.35271  292.97504
377.35471  293.22781
378.35671  293.48062
379.35872  293.73344
380.36072  293.98630
381.36273  294.23918
382.36473  294.49209
383.36673  294.74502
384.36874  294.99797
385.37074  295.25094
386.37275  295.50394
387.37475  295.75695
388.37675  296.00998
389.37876  296.26303
390.38076  296.51610
391.38277  296.76919
392.38477  297.02228
393.38677  297.27540
394.38878  297.52852
395.39078  297.78166
396.39279  298.03481
397.39479  298.28796
398.39679  298.54113
399.39880  298.79431
400.40080  299.04749
401.40281  299.30068
402.40481  299.55387
403.40681  299.80707
404.40882  300.06027
405.41082  300.31347
406.41283  300.56668
407.41483  300.81988
408.41683  301.07309
409.41884  301.32629
410.42084  301.57949
411.42285  301.83268
412.42485  302.08588
413.42685  302.33906
414.42886  302.59224
415.43086  302.84541
416.43287  303.09857
417.43487  303.35173
418.43687  303.60487
419.43888  303.85800
420.44088  304.11112
421.44289  304.36423
422.44489  304.61732
423.44689  304.87039
424.44890  305.12345
425.45090  305.37649
426.45291  305.62952
427.45491  305.88252
428.45691  306.13551
429.45892  306.38847
430.46092  306.64141
431.46293  306.89433
432.46493  307.14722
433.46693  307.40009
434.46894  307.65293
435.47094  307.90575
436.47295  308.15854
437.47495  308.41130
438.47695  308.66403
439.47896  308.91673
440.48096  309.16939
441.48297  309.42203
442.48497  309.67463
443.48697  309.92720
444.48898  310.17973
445.49098  310.43223
446.49299  310.68469
447.49499  310.93711
448.49699  311.18949
449.49900  311.44183
450.50100  311.69413
451.50301  311.94639
452.50501  312.19861
453.50701  312.45078
454.50902  312.70291
455.51102  312.95499
456.51303  313.20703
457.51503  313.45902
458.51703  313.71096
459.51904  313.96285
460.52104  314.21470
461.52305  314.46649
462.52505  314.71823
463.52705  314.96992
464.52906  315.22155
465.53106  315.47313
466.53307  315.72466
467.53507  315.97613
468.53707  316.22754
469.53908  316.47890
470.54108  316.73020
471.54309  316.98144
472.54509  317.23261
473.54709  317.48373
474.54910  317.73479
475.55110  317.98578
476.55311  318.23671
477.55511  318.48757
478.55711  318.73837
479.55912  318.98911
480.56112  319.23977
481.56313  319.49037
482.56513  319.74091
483.56713  319.99137
484.56914  320.24176
485.57114  320.49208
486.57315  320.74233
487.57515  320.99251
488.57715  321.24262
489.57916  321.49265
490.58116  321.74260
491.58317  321.99248
492.58517  322.24229
493.58717  322.49202
494.58918  322.74167
495.59118  322.99124
496.59319  323.24073
497.59519  323.49015
498.59719  323.73948
499.59920  323.98873
500.60120  324.23790
501.60321  324.48699
502.60521  324.73599
503.60721  324.98491
504.60922  325.23374
505.61122  325.48249
506.61323  325.73115
507.61523  325.97973
508.61723  326.22821
509.61924  326.47661
510.62124  326.72492
511.62325  326.97314
512.62525  327.22127
513.62725  327.46931
514.62926  327.71726
515.63126  327.96511
516.63327  328.21287
517.63527  328.46054
518.63727  328.70812
519.63928  328.95559
520.64128  329.20298
521.64329  329.45026
522.64529  329.69746
523.64729  329.94455
524.64930  330.19154
525.65130  330.43844
526.65331  330.68524
527.65531  330.93193
528.65731  331.17853
529.65932  331.42503
530.66132  331.67142
531.66333  331.91771
532.66533  332.16390
533.66733  332.40999
534.66934  332.65597
535.67134  332.90185
536.67335  333.14762
537.67535  333.39329
538.67735  333.63886
539.67936  333.88431
540.68136  334.12966
541.68337  334.37490
542.68537  334.62003
543.68737  334.86506
544.68938  335.10997
545.69138  335.35478
546.69339  335.59948
547.69539  335.84406
548.69739  336.08854
549.69940  336.33290
550.70140  336.57715
551.70341  336.82129
552.70541  337.06532
553.70741  337.30923
554.70942  337.55303
555.71142  337.79671
556.71343  338.04028
557.71543  338.28374
558.71743  338.52708
559.71944  338.77030
560.72144  339.01341
561.72345  339.25640
562.72545  339.49928
563.72745  339.74204
564.72946  339.98467
565.73146  340.22720
566.73347  340.46960
567.73547  340.71188
568.73747  340.95405
569.73948  341.19609
570.74148  341.43802
571.74349  341.67982
572.74549  341.92150
573.74749  342.16307
574.74950  342.40451
575.75150  342.64583
576.75351  342.88702
577.75551  343.12810
578.75752  343.36905
579.75952  343.60988
580.76152  343.85059
581.76353  344.09117
582.76553  344.33163
583.76754  344.57197
584.76954  344.81218
585.77154  345.05227
586.77355  345.29223
587.77555  345.53207
588.77756  345.77178
589.77956  346.01137
590.78156  346.25083
591.78357  346.49017
592.78557  346.72938
593.78758  346.96846
594.78958  347.20742
595.79158  347.44625
596.79359  347.68495
597.79559  347.92352
598.79760  348.16197
599.79960  348.40030
600.80160  348.63849
601.80361  348.87656
602.80561  349.11449
603.80762  349.35230
604.80962  349.58999
605.81162  349.82754
606.81363  350.06497
607.81563  350.30226
608.81764  350.53943
609.81964  350.77647
610.82164  351.01338
611.82365  351.25016
612.82565  351.48682
613.82766  351.72334
614.82966  351.95974
615.83166  352.19600
616.83367  352.43214
617.83567  352.66815
618.83768  352.90402
619.83968  353.13977
620.84168  353.37539
621.84369  353.61088
622.84569  353.84624
623.84770  354.08147
624.84970  354.31657
625.85170  354.55154
626.85371  354.78639
627.85571  355.02110
628.85772  355.25568
629.85972  355.49014
630.86172  355.72446
631.86373  355.95866
632.86573  356.19272
633.86774  356.42666
634.86974  356.66047
635.87174  356.89415
636.87375  357.12770
637.87575  357.36112
638.87776  357.59441
639.87976  357.82757
640.88176  358.06061
641.88377  358.29351
642.88577  358.52629
643.88778  358.75894
644.88978  358.99146
645.89178  359.22385
646.89379  359.45612
647.89579  359.68825
648.89780  359.92026
649.89980  360.15215
650.90180  360.38390
651.90381  360.61553
652.90581  360.84703
653.90782  361.07841
654.90982  361.30965
655.91182  361.54078
656.91383  361.77177
657.91583  362.00264
658.91784  362.23339
659.91984  362.46401
660.92184  362.69450
661.92385  362.92487
662.92585  363.15511
663.92786  363.38523
664.92986  363.61523
665.93186  363.84510
666.93387  364.07485
667.93587  364.30447
668.93788  364.53398
669.93988  364.76336
670.94188  364.99261
671.94389  365.22175
672.94589  365.45076
673.94790  365.67965
674.94990  365.90843
675.95190  366.13708
676.95391  366.36561
677.95591  366.59402
678.95792  366.82231
679.95992  367.05048
680.96192  367.27853
681.96393  367.50646
682.96593  367.73428
683.96794  367.96198
684.96994  368.18956
685.97194  368.41702
686.97395  368.64437
687.97595  368.87160
688.97796  369.09872
689.97996  369.32572
690.98196  369.55260
691.98397  369.77937
692.98597  370.00603
693.98798  370.23258
694.98998  370.45901
695.99198  370.68533
696.99399  370.91154
697.99599  371.13763
698.99800  371.36362
700.00000  371.58949
