200.00000  3.75660e-39
201.00200  4.52592e-39
202.00401  5.44311e-39
203.00601  6.53472e-39
204.00802  7.83171e-39
205.01002  9.37017e-39
206.01202  1.11921e-38
207.01403  1.33461e-38
208.01603  1.58888e-38
209.01804  1.88856e-38
210.02004  2.24121e-38
211.02204  2.65555e-38
212.02405  3.14166e-38
213.02605  3.71112e-38
214.02806  4.37723e-38
215.03006  5.15530e-38
216.03206  6.06283e-38
217.03407  7.11988e-38
218.03607  8.34939e-38
219.03808  9.77755e-38
220.04008  1.14342e-37
221.04208  1.33534e-37
222.04409  1.55738e-37
223.04609  1.81394e-37
224.04810  2.11000e-37
225.05010  2.45122e-37
226.05210  2.84400e-37
227.05411  3.29557e-37
228.05611  3.81412e-37
229.05812  4.40885e-37
230.06012  5.09018e-37
231.06212  5.86978e-37
232.06413  6.76082e-37
233.06613  7.77808e-37
234.06814  8.93813e-37
235.07014  1.02596e-36
236.07214  1.17632e-36
237.07415  1.34723e-36
238.07615  1.54129e-36
239.07816  1.76140e-36
240.08016  2.01080e-36
241.08216  2.29311e-36
242.08417  2.61234e-36
243.08617  2.97295e-36
244.08818  3.37992e-36
245.09018  3.83875e-36
246.09218  4.35556e-36
247.09419  4.93711e-36
248.09619  5.59092e-36
249.09820  6.32526e-36
250.10020  7.14931e-36
251.10220  8.07320e-36
252.10421  9.10808e-36
253.10621  1.02663e-35
254.10822  1.15613e-35
255.11022  1.30082e-35
256.11222  1.46233e-35
257.11423  1.64246e-35
258.11623  1.84320e-35
259.11824  2.06671e-35
260.12024  2.31538e-35
261.12224  2.59183e-35
262.12425  2.89890e-35
263.12625  3.23972e-35
264.12826  3.61771e-35
265.13026  4.03659e-35
266.13226  4.50045e-35
267.13427  5.01371e-35
268.13627  5.58123e-35
269.13828  6.20828e-35
270.14028  6.90059e-35
271.14228  7.66441e-35
272.14429  8.50652e-35
273.14629  9.43431e-35
274.14830  1.04558e-34
275.15030  1.15796e-34
276.15230  1.28152e-34
277.15431  1.41728e-34
278.15631  1.56634e-34
279.15832  1.72990e-34
280.16032  1.90925e-34
281.16232  2.10579e-34
282.16433  2.32103e-34
283.16633  2.55661e-34
284.16834  2.81427e-34
285.17034  3.09592e-34
286.17234  3.40360e-34
287.17435  3.73951e-34
288.17635  4.10604e-34
289.17836  4.50572e-34
290.18036  4.94130e-34
291.18236  5.41574e-34
292.18437  5.93219e-34
293.18637  6.49407e-34
294.18838  7.10502e-34
295.19038  7.76896e-34
296.19238  8.49009e-34
297.19439  9.27290e-34
298.19639  1.01222e-33
299.19840  1.10432e-33
300.20040  1.20413e-33
301.20240  1.31226e-33
302.20441  1.42932e-33
303.20641  1.55599e-33
304.20842  1.69299e-33
305.21042  1.84110e-33
306.21242  2.00112e-33
307.21443  2.17393e-33
308.21643  2.36047e-33
309.21844  2.56173e-33
310.22044  2.77875e-33
311.22244  3.01268e-33
312.22445  3.26469e-33
313.22645  3.53608e-33
314.22846  3.82819e-33
315.23046  4.14245e-33
316.23246  4.48040e-33
317.23447  4.84366e-33
318.23647  5.23395e-33
319.23848  5.65310e-33
320.24048  6.10304e-33
321.24248  6.58583e-33
322.24449  7.10364e-33
323.24649  7.65878e-33
324.24850  8.25369e-33
325.25050  8.89095e-33
326.25251  9.57329e-33
327.25451  1.03036e-32
328.25651  1.10850e-32
329.25852  1.19206e-32
330.26052  1.28139e-32
331.26253  1.37685e-32
332.26453  1.47881e-32
333.26653  1.58769e-32
334.26854  1.70390e-32
335.27054  1.82789e-32
336.27255  1.96013e-32
337.27455  2.10112e-32
338.27655  2.25138e-32
339.27856  2.41146e-32
340.28056  2.58195e-32
341.28257  2.76344e-32
342.28457  2.95659e-32
343.28657  3.16207e-32
344.28858  3.38059e-32
345.29058  3.61290e-32
346.29259  3.85978e-32
347.29459  4.12205e-32
348.29659  4.40058e-32
349.29860  4.69629e-32
350.30060  5.01011e-32
351.30261  5.34306e-32
352.30461  5.69618e-32
353.30661  6.07057e-32
354.30862  6.46739e-32
355.31062  6.88784e-32
356.31263  7.33320e-32
357.31463  7.80478e-32
358.31663  8.30398e-32
359.31864  8.83225e-32
360.32064  9.39112e-32
361.32265  9.98216e-32
362.32465  1.06071e-31
363.32665  1.12675e-31
364.32866  1.19654e-31
365.33066  1.27026e-31
366.33267  1.34811e-31
367.33467  1.43030e-31
368.33667  1.51704e-31
369.33868  1.60856e-31
370.34068  1.70510e-31
371.34269  1.80690e-31
372.34469  1.91422e-31
373.34669  2.02733e-31
374.34870  2.14651e-31
375.35070  2.27204e-31
376.35271  2.40424e-31
377.35471  2.54342e-31
378.35671  2.68990e-31
379.35872  2.84404e-31
380.36072  3.00619e-31
381.36273  3.17672e-31
382.36473  3.35601e-31
383.36673  3.54448e-31
384.36874  3.74254e-31
385.37074  3.95062e-31
386.37275  4.16918e-31
387.37475  4.39869e-31
388.37675  4.63965e-31
389.37876  4.89255e-31
390.38076  5.15792e-31
391.38277  5.43633e-31
392.38477  5.72832e-31
393.38677  6.03451e-31
394.38878  6.35549e-31
395.39078  6.69192e-31
396.39279  7.04444e-31
397.39479  7.41375e-31
398.39679  7.80055e-31
399.39880  8.20559e-31
400.40080  8.62963e-31
401.40281  9.07346e-31
402.40481  9.53790e-31
403.40681  1.00238e-30
404.40882  1.05321e-30
405.41082  1.10636e-30
406.41283  1.16193e-30
407.41483  1.22002e-30
408.41683  1.28072e-30
409.41884  1.34416e-30
410.42084  1.41042e-30
411.42285  1.47963e-30
412.42485  1.55191e-30
413.42685  1.62736e-30
414.42886  1.70612e-30
415.43086  1.78831e-30
416.43287  1.87407e-30
417.43487  1.96353e-30
418.43687  2.05683e-30
419.43888  2.15413e-30
420.44088  2.25557e-30
421.44289  2.36131e-30
422.44489  2.47150e-30
423.44689  2.58632e-30
424.44890  2.70594e-30
425.45090  2.83053e-30
426.45291  2.96028e-30
427.45491  3.09538e-30
428.45691  3.23602e-30
429.45892  3.38239e-30
430.46092  3.53472e-30
431.46293  3.69320e-30
432.46493  3.85807e-30
433.46693  4.02954e-30
434.46894  4.20786e-30
435.47094  4.39325e-30
436.47295  4.58598e-30
437.47495  4.78629e-30
438.47695  4.99444e-30
439.47896  5.21072e-30
440.48096  5.43539e-30
441.48297  5.66875e-30
442.48497  5.91109e-30
443.48697  6.16271e-30
444.48898  6.42392e-30
445.49098  6.69506e-30
446.49299  6.97644e-30
447.49499  7.26842e-30
448.49699  7.57133e-30
449.49900  7.88555e-30
450.50100  8.21143e-30
451.50301  8.54937e-30
452.50501  8.89975e-30
453.50701  9.26297e-30
454.50902  9.63945e-30
455.51102  1.00296e-29
456.51303  1.04339e-29
457.51503  1.08527e-29
458.51703  1.12866e-29
459.51904  1.17360e-29
460.52104  1.22013e-29
461.52305  1.26832e-29
462.52505  1.31820e-29
463.52705  1.36983e-29
464.52906  1.42327e-29
465.53106  1.47857e-29
466.53307  1.53579e-29
467.53507  1.59498e-29
468.53707  1.65621e-29
469.53908  1.71953e-29
470.54108  1.78502e-29
471.54309  1.85272e-29
472.54509  1.92272e-29
473.54709  1.99507e-29
474.54910  2.06985e-29
475.55110  2.14712e-29
476.55311  2.22697e-29
477.55511  2.30946e-29
478.55711  2.39467e-29
479.55912  2.48268e-29
480.56112  2.57356e-29
481.56313  2.66741e-29
482.56513  2.76431e-29
483.56713  2.86433e-29
484.56914  2.96758e-29
485.57114  3.07413e-29
486.57315  3.18408e-29
487.57515  3.29754e-29
488.57715  3.41458e-29
489.57916  3.53532e-29
490.58116  3.65985e-29
491.58317  3.78827e-29
492.58517  3.92070e-29
493.58717  4.05724e-29
494.58918  4.19800e-29
495.59118  4.34310e-29
496.59319  4.49265e-29
497.59519  4.64676e-29
498.59719  4.80557e-29
499.59920  4.96920e-29
500.60120  5.13776e-29
501.60321  5.31139e-29
502.60521  5.49023e-29
503.60721  5.67440e-29
504.60922  5.86405e-29
505.61122  6.05932e-29
506.61323  6.26035e-29
507.61523  6.46728e-29
508.61723  6.68027e-29
509.61924  6.89948e-29
510.62124  7.12505e-29
511.62325  7.35715e-29
512.62525  7.59594e-29
513.62725  7.84160e-29
514.62926  8.09427e-29
515.63126  8.35415e-29
516.63327  8.62142e-29
517.63527  8.89624e-29
518.63727  9.17880e-29
519.63928  9.46930e-29
520.64128  9.76793e-29
521.64329  1.00749e-28
522.64529  1.03903e-28
523.64729  1.07145e-28
524.64930  1.10477e-28
525.65130  1.13899e-28
526.65331  1.17416e-28
527.65531  1.21028e-28
528.65731  1.24738e-28
529.65932  1.28549e-28
530.66132  1.32462e-28
531.66333  1.36480e-28
532.66533  1.40606e-28
533.66733  1.44842e-28
534.66934  1.49190e-28
535.67134  1.53654e-28
536.67335  1.58235e-28
537.67535  1.62937e-28
538.67735  1.67761e-28
539.67936  1.72712e-28
540.68136  1.77791e-28
541.68337  1.83001e-28
542.68537  1.88346e-28
543.68737  1.93829e-28
544.68938  1.99451e-28
545.69138  2.05218e-28
546.69339  2.11131e-28
547.69539  2.17194e-28
548.69739  2.23410e-28
549.69940  2.29783e-28
550.70140  2.36315e-28
551.70341  2.43011e-28
552.70541  2.49873e-28
553.70741  2.56906e-28
554.70942  2.64112e-28
555.71142  2.71496e-28
556.71343  2.79062e-28
557.71543  2.86812e-28
558.71743  2.94752e-28
559.71944  3.02884e-28
560.72144  3.11214e-28
561.72345  3.19744e-28
562.72545  3.28480e-28
563.72745  3.37425e-28
564.72946  3.46583e-28
565.73146  3.55960e-28
566.73347  3.65559e-28
567.73547  3.75385e-28
568.73747  3.85442e-28
569.73948  3.95736e-28
570.74148  4.06270e-28
571.74349  4.17050e-28
572.74549  4.28081e-28
573.74749  4.39367e-28
574.74950  4.50914e-28
575.75150  4.62726e-28
576.75351  4.74809e-28
577.75551  4.87169e-28
578.75752  4.99810e-28
579.75952  5.12738e-28
580.76152  5.25958e-28
581.76353  5.39476e-28
582.76553  5.53299e-28
583.76754  5.67431e-28
584.76954  5.81878e-28
585.77154  5.96647e-28
586.77355  6.11743e-28
587.77555  6.27174e-28
588.77756  6.42944e-28
589.77956  6.59060e-28
590.78156  6.75530e-28
591.78357  6.92358e-28
592.78557  7.09553e-28
593.78758  7.27121e-28
594.78958  7.45067e-28
595.79158  7.63401e-28
596.79359  7.82128e-28
597.79559  8.01256e-28
598.79760  8.20791e-28
599.79960  8.40742e-28
600.80160  8.61116e-28
601.80361  8.81920e-28
602.80561  9.03162e-28
603.80762  9.24851e-28
604.80962  9.46992e-28
605.81162  9.69596e-28
606.81363  9.92669e-28
607.81563  1.01622e-27
608.81764  1.04026e-27
609.81964  1.06479e-27
610.82164  1.08983e-27
611.82365  1.11538e-27
612.82565  1.14145e-27
613.82766  1.16805e-27
614.82966  1.19519e-27
615.83166  1.22287e-27
616.83367  1.25112e-27
617.83567  1.27993e-27
618.83768  1.30932e-27
619.83968  1.33930e-27
620.84168  1.36987e-27
621.84369  1.40105e-27
622.84569  1.43284e-27
623.84770  1.46527e-27
624.84970  1.49832e-27
625.85170  1.53203e-27
626.85371  1.56640e-27
627.85571  1.60143e-27
628.85772  1.63714e-27
629.85972  1.67355e-27
630.86172  1.71065e-27
631.86373  1.74848e-27
632.86573  1.78702e-27
633.86774  1.82630e-27
634.86974  1.86634e-27
635.87174  1.90713e-27
636.87375  1.94869e-27
637.87575  1.99104e-27
638.87776  2.03419e-27
639.87976  2.07815e-27
640.88176  2.12293e-27
641.88377  2.16854e-27
642.88577  2.21500e-27
643.88778  2.26233e-27
644.88978  2.31053e-27
645.89178  2.35962e-27
646.89379  2.40961e-27
647.89579  2.46052e-27
648.89780  2.51236e-27
649.89980  2.56515e-27
650.90180  2.61889e-27
651.90381  2.67361e-27
652.90581  2.72931e-27
653.90782  2.78602e-27
654.90982  2.84375e-27
655.91182  2.90250e-27
656.91383  2.96231e-27
657.91583  3.02319e-27
658.91784  3.08514e-27
659.91984  3.14819e-27
660.92184  3.21235e-27
661.92385  3.27764e-27
662.92585  3.34408e-27
663.92786  3.41168e-27
664.92986  3.48046e-27
665.93186  3.55043e-27
666.93387  3.62162e-27
667.93587  3.69404e-27
668.93788  3.76770e-27
669.93988  3.84264e-27
670.94188  3.91885e-27
671.94389  3.99637e-27
672.94589  4.07522e-27
673.94790  4.15540e-27
674.94990  4.23694e-27
675.95190  4.31986e-27
676.95391  4.40418e-27
677.95591  4.48991e-27
678.95792  4.57709e-27
679.95992  4.66572e-27
680.96192  4.75582e-27
681.96393  4.84742e-27
682.96593  4.94055e-27
683.96794  5.03521e-27
684.96994  5.13143e-27
685.97194  5.22923e-27
686.97395  5.32863e-27
687.97595  5.42966e-27
688.97796  5.53234e-27
689.97996  5.63668e-27
690.98196  5.74272e-27
691.98397  5.85046e-27
692.98597  5.95995e-27
693.98798  6.07120e-27
694.98998  6.18423e-27
695.99198  6.29906e-27
696.99399  6.41573e-27
697.99599  6.53425e-27
698.99800  6.65465e-27
700.00000  6.77696e-27
