100.00000  7.28755e-12
101.80361  6.62549e-12
103.60721  6.03315e-12
105.41082  5.50223e-12
107.21443  5.02550e-12
109.01804  4.59669e-12
110.82164  4.21035e-12
112.62525  3.86169e-12
114.42886  3.54656e-12
116.23246  3.26129e-12
118.03607  3.00267e-12
119.83968  2.76788e-12
121.64329  2.55443e-12
123.44689  2.36010e-12
125.25050  2.18296e-12
127.05411  2.02128e-12
128.85772  1.87353e-12
130.66132  1.73834e-12
132.46493  1.61449e-12
134.26854  1.50091e-12
136.07214  1.39663e-12
137.87575  1.30079e-12
139.67936  1.21260e-12
141.48297  1.13137e-12
143.28657  1.05647e-12
145.09018  9.87355e-13
146.89379  9.23503e-13
148.69739  8.64461e-13
150.50100  8.09817e-13
152.30461  7.59198e-13
154.10822  7.12266e-13
155.91182  6.68716e-13
157.71543  6.28270e-13
159.51904  5.90675e-13
161.32265  5.55704e-13
163.12625  5.23147e-13
164.92986  4.92814e-13
166.73347  4.64533e-13
168.53707  4.38145e-13
170.34068  4.13505e-13
172.14429  3.90483e-13
173.94790  3.68955e-13
175.75150  3.48813e-13
177.55511  3.29955e-13
179.35872  3.12286e-13
181.16232  2.95722e-13
182.96593  2.80183e-13
184.76954  2.65598e-13
186.57315  2.51899e-13
188.37675  2.39025e-13
190.18036  2.26919e-13
191.98397  2.15530e-13
193.78758  2.04808e-13
195.59118  1.94710e-13
197.39479  1.85193e-13
199.19840  1.76219e-13
201.00200  1.67754e-13
202.80561  1.59763e-13
204.60922  1.52218e-13
206.41283  1.45089e-13
208.21643  1.38350e-13
210.02004  1.31977e-13
211.82365  1.25947e-13
213.62725  1.20239e-13
215.43086  1.14834e-13
217.23447  1.09712e-13
219.03808  1.04858e-13
220.84168  1.00255e-13
222.64529  9.58880e-14
224.44890  9.17436e-14
226.25251  8.78087e-14
228.05611  1.16056e-13
229.85972  1.56614e-13
231.66333  2.10396e-13
233.46693  2.81406e-13
235.27054  3.74767e-13
237.07415  4.97009e-13
238.87776  6.56420e-13
240.68136  8.63485e-13
242.48497  1.13141e-12
244.28858  1.47679e-12
246.09218  1.92036e-12
247.89579  2.48799e-12
249.69940  3.21182e-12
251.50301  4.13164e-12
253.30661  5.29660e-12
255.11022  6.76712e-12
256.91383  8.61737e-12
258.71743  1.09380e-11
260.52104  1.38396e-11
262.32465  1.74567e-11
264.12826  2.19520e-11
265.93186  2.75228e-11
267.73547  3.44064e-11
269.53908  4.28886e-11
271.34269  5.33119e-11
273.14629  6.60859e-11
274.94990  8.16997e-11
276.75351  1.00735e-10
278.55711  1.23883e-10
280.36072  1.51963e-10
282.16433  1.85941e-10
283.96794  2.26959e-10
285.77154  2.76358e-10
287.57515  3.35715e-10
289.37876  4.06876e-10
291.18236  4.91998e-10
292.98597  5.93599e-10
294.78958  7.14611e-10
296.59319  8.58438e-10
298.39679  1.02903e-09
300.20040  1.23096e-09
302.00401  1.46951e-09
303.80762  1.75076e-09
305.61122  2.08174e-09
307.41483  2.47049e-09
309.21844  2.92625e-09
311.02204  3.45960e-09
312.82565  4.08265e-09
314.62926  4.80919e-09
316.43287  5.65495e-09
318.23647  6.63782e-09
320.04008  7.77812e-09
321.84369  9.09890e-09
323.64729  1.06263e-08
325.45090  1.23897e-08
327.25451  1.44226e-08
329.05812  1.67624e-08
330.86172  1.94514e-08
332.66533  2.25372e-08
334.46894  2.60732e-08
336.27255  3.01191e-08
338.07615  3.47420e-08
339.87976  4.00168e-08
341.68337  4.60272e-08
343.48697  5.28666e-08
345.29058  6.06388e-08
347.09419  6.94597e-08
348.89780  7.94577e-08
350.70140  9.07757e-08
352.50501  1.03572e-07
354.30862  1.18022e-07
356.11222  1.34319e-07
357.91583  1.52677e-07
359.71944  1.73334e-07
361.52305  1.96550e-07
363.32665  2.22613e-07
365.13026  2.51837e-07
366.93387  2.84572e-07
368.73747  3.21197e-07
370.54108  3.62133e-07
372.34469  4.07837e-07
374.14830  4.58813e-07
375.95190  5.15608e-07
377.75551  5.78825e-07
379.55912  6.49117e-07
381.36273  7.27201e-07
383.16633  8.13856e-07
384.96994  9.09930e-07
386.77355  1.01635e-06
388.57715  1.13411e-06
390.38076  1.26431e-06
392.18437  1.40812e-06
393.98798  1.56684e-06
395.79158  1.74185e-06
397.59519  1.93466e-06
399.39880  2.14689e-06
401.20240  2.38030e-06
403.00601  2.63679e-06
404.80962  2.91842e-06
406.61323  3.22739e-06
408.41683  3.56608e-06
410.22044  3.93707e-06
412.02405  4.34311e-06
413.82766  4.78717e-06
415.63126  5.27244e-06
417.43487  5.80236e-06
419.23848  6.38059e-06
421.04208  7.01109e-06
422.84569  7.69807e-06
424.64930  8.44607e-06
426.45291  9.25993e-06
428.25651  1.01448e-05
430.06012  1.11063e-05
431.86373  1.21503e-05
433.66733  1.32831e-05
435.47094  1.45115e-05
437.27455  1.58426e-05
439.07816  1.72842e-05
440.88176  1.88443e-05
442.68537  2.05317e-05
444.48898  2.23556e-05
446.29259  2.43259e-05
448.09619  2.64530e-05
449.89980  2.87481e-05
451.70341  3.12228e-05
453.50701  3.38897e-05
455.31062  3.67621e-05
457.11423  3.98540e-05
458.91784  4.31803e-05
460.72144  4.67568e-05
462.52505  5.06003e-05
464.32866  5.47282e-05
466.13226  5.91594e-05
467.93587  6.39136e-05
469.73948  6.90116e-05
471.54309  7.44754e-05
473.34669  8.03282e-05
475.15030  8.65947e-05
476.95391  9.33005e-05
478.75752  1.00473e-04
480.56112  1.08141e-04
482.36473  1.16334e-04
484.16834  1.25085e-04
485.97194  1.34426e-04
487.77555  1.44394e-04
489.57916  1.55025e-04
491.38277  1.66357e-04
493.18637  1.78432e-04
494.98998  1.91293e-04
496.79359  2.04985e-04
498.59719  2.19554e-04
500.40080  2.35051e-04
502.20441  2.51526e-04
504.00802  2.69036e-04
505.81162  2.87636e-04
507.61523  3.07387e-04
509.41884  3.28350e-04
511.22244  3.50591e-04
513.02605  3.74179e-04
514.82966  3.99185e-04
516.63327  4.25683e-04
518.43687  4.53753e-04
520.24048  4.83475e-04
522.04409  5.14934e-04
523.84770  5.48220e-04
525.65130  5.83425e-04
527.45491  6.20646e-04
529.25852  6.59984e-04
531.06212  7.01544e-04
532.86573  7.45436e-04
534.66934  7.91774e-04
536.47295  8.40677e-04
538.27655  8.92269e-04
540.08016  9.46679e-04
541.88377  1.00404e-03
543.68737  1.06449e-03
545.49098  1.12818e-03
547.29459  1.19526e-03
549.09820  1.26588e-03
550.90180  1.34021e-03
552.70541  1.41842e-03
554.50902  1.50068e-03
556.31263  1.58717e-03
558.11623  1.67809e-03
559.91984  1.77363e-03
561.72345  1.87400e-03
563.52705  1.97940e-03
565.33066  2.09005e-03
567.13427  2.20619e-03
568.93788  2.32805e-03
570.74148  2.45586e-03
572.54509  2.58990e-03
574.34870  2.73040e-03
576.15230  2.87766e-03
577.95591  3.03194e-03
579.75952  3.19354e-03
581.56313  3.36275e-03
583.36673  3.53989e-03
585.17034  3.72528e-03
586.97395  3.91925e-03
588.77756  4.12214e-03
590.58116  4.33430e-03
592.38477  4.55610e-03
594.18838  4.78793e-03
595.99198  5.03016e-03
597.79559  5.28320e-03
599.59920  5.54746e-03
601.40281  5.82338e-03
603.20641  6.11140e-03
605.01002  6.41197e-03
606.81363  6.72556e-03
608.61723  7.05266e-03
610.42084  7.39376e-03
612.22445  7.74938e-03
614.02806  8.12006e-03
615.83166  8.50633e-03
617.63527  8.90877e-03
619.43888  9.32795e-03
621.24248  9.76446e-03
623.04609  1.02189e-02
624.84970  1.06920e-02
626.65331  1.11842e-02
628.45691  1.16964e-02
630.26052  1.22292e-02
632.06413  1.27833e-02
633.86774  1.33594e-02
635.67134  1.39582e-02
637.47495  1.45806e-02
639.27856  1.52273e-02
641.08216  1.58992e-02
642.88577  1.65971e-02
644.68938  1.73217e-02
646.49299  1.80741e-02
648.29659  1.88551e-02
650.10020  1.96657e-02
651.90381  2.05067e-02
653.70741  2.13792e-02
655.51102  2.22841e-02
657.31463  2.32225e-02
659.11824  2.41955e-02
660.92184  2.52041e-02
662.72545  2.62495e-02
664.52906  2.73327e-02
666.33267  2.84549e-02
668.13627  2.96173e-02
669.93988  3.08212e-02
671.74349  3.20678e-02
673.54709  3.33584e-02
675.35070  3.46942e-02
677.15431  3.60767e-02
678.95792  3.75072e-02
680.76152  3.89871e-02
682.56513  4.05179e-02
684.36874  4.21010e-02
686.17234  4.37380e-02
687.97595  4.54304e-02
689.77956  4.71797e-02
691.58317  4.89877e-02
693.38677  5.08559e-02
695.19038  5.27861e-02
696.99399  5.47799e-02
698.79760  5.68392e-02
700.60120  5.89657e-02
702.40481  6.11614e-02
704.20842  6.34280e-02
706.01202  6.57676e-02
707.81563  6.81821e-02
709.61924  7.06734e-02
711.42285  7.32438e-02
713.22645  7.58952e-02
715.03006  7.86298e-02
716.83367  8.14499e-02
718.63727  8.43575e-02
720.44088  8.73551e-02
722.24449  9.04450e-02
724.04810  9.36295e-02
725.85170  9.69111e-02
727.65531  1.00292e-01
729.45892  1.03775e-01
731.26253  1.07363e-01
733.06613  1.11058e-01
734.86974  1.14863e-01
736.67335  1.18781e-01
738.47695  1.22814e-01
740.28056  1.26966e-01
742.08417  1.31238e-01
743.88778  1.35635e-01
745.69138  1.40159e-01
747.49499  1.44813e-01
749.29860  1.49601e-01
751.10220  1.54525e-01
752.90581  1.59589e-01
754.70942  1.64796e-01
756.51303  1.70149e-01
758.31663  1.75652e-01
760.12024  1.81309e-01
761.92385  1.87122e-01
763.72745  1.93096e-01
765.53106  1.99234e-01
767.33467  2.05540e-01
769.13828  2.12018e-01
770.94188  2.18671e-01
772.74549  2.25504e-01
774.54910  2.32521e-01
776.35271  2.39725e-01
778.15631  2.47121e-01
779.95992  2.54713e-01
781.76353  2.62505e-01
783.56713  2.70502e-01
785.37074  2.78709e-01
787.17435  2.87129e-01
788.97796  2.95767e-01
790.78156  3.04628e-01
792.58517  3.13716e-01
794.38878  3.23038e-01
796.19238  3.32596e-01
797.99599  3.42397e-01
799.79960  3.52446e-01
801.60321  3.62747e-01
803.40681  3.73306e-01
805.21042  3.84128e-01
807.01403  3.95219e-01
808.81764  4.06583e-01
810.62124  4.18228e-01
812.42485  4.30157e-01
814.22846  4.42378e-01
816.03206  4.54895e-01
817.83567  4.67715e-01
819.63928  4.80843e-01
821.44289  4.94287e-01
823.24649  5.08051e-01
825.05010  5.22143e-01
826.85371  5.36569e-01
828.65731  5.51334e-01
830.46092  5.66446e-01
832.26453  5.81912e-01
834.06814  5.97738e-01
835.87174  6.13931e-01
837.67535  6.30497e-01
839.47896  6.47445e-01
841.28257  6.64780e-01
843.08617  6.82512e-01
844.88978  7.00645e-01
846.69339  7.19190e-01
848.49699  7.38151e-01
850.30060  7.57539e-01
852.10421  7.77359e-01
853.90782  7.97621e-01
855.71142  8.18331e-01
857.51503  8.39499e-01
859.31864  8.61132e-01
861.12224  8.83239e-01
862.92585  9.05829e-01
864.72946  9.28908e-01
866.53307  9.52488e-01
868.33667  9.76575e-01
870.14028  1.00118e+00
871.94389  1.02631e+00
873.74749  1.05198e+00
875.55110  1.07818e+00
877.35471  1.10495e+00
879.15832  1.13228e+00
880.96192  1.16017e+00
882.76553  1.18866e+00
884.56914  1.21773e+00
886.37275  1.24741e+00
888.17635  1.27770e+00
889.97996  1.30861e+00
891.78357  1.34015e+00
893.58717  1.37234e+00
895.39078  1.40518e+00
897.19439  1.43869e+00
898.99800  1.47287e+00
900.80160  1.50774e+00
902.60521  1.54331e+00
904.40882  1.57959e+00
906.21242  1.61658e+00
908.01603  1.65431e+00
909.81964  1.69278e+00
911.62325  1.73201e+00
913.42685  1.77200e+00
915.23046  1.81278e+00
917.03407  1.85434e+00
918.83768  1.89671e+00
920.64128  1.93989e+00
922.44489  1.98391e+00
924.24850  2.02876e+00
926.05210  2.07447e+00
927.85571  2.12105e+00
929.65932  2.16851e+00
931.46293  2.21686e+00
933.26653  2.26612e+00
935.07014  2.31630e+00
936.87375  2.36742e+00
938.67735  2.41949e+00
940.48096  2.47251e+00
942.28457  2.52652e+00
944.08818  2.58152e+00
945.89178  2.63752e+00
947.69539  2.69455e+00
949.49900  2.75261e+00
951.30261  2.81172e+00
953.10621  2.87190e+00
954.90982  2.93316e+00
956.71343  2.99552e+00
958.51703  3.05898e+00
960.32064  3.12358e+00
962.12425  3.18932e+00
963.92786  3.25622e+00
965.73146  3.32430e+00
967.53507  3.39357e+00
969.33868  3.46406e+00
971.14228  3.53576e+00
972.94589  3.60871e+00
974.74950  3.68293e+00
976.55311  3.75842e+00
978.35671  3.83520e+00
980.16032  3.91330e+00
981.96393  3.99273e+00
983.76754  4.07351e+00
985.57114  4.15565e+00
987.37475  4.23918e+00
989.17836  4.32411e+00
990.98196  4.41047e+00
992.78557  4.49827e+00
994.58918  4.58752e+00
996.39279  4.67826e+00
998.19639  4.77050e+00
1000.00000  4.86425e+00
